pop	mType	5p_3p	AFS
YRI	neutral	A_A	370	237.5	142.5	113.5	65	66.5	63	45	39	44	34.5	28.5	37.5	24.5	27	29	24	18	20	18.5	20.5	21.5	15	26	24.5	24.5	26	15	21.5	20.5	18.5	20	18	24	29	27	24.5	37.5	28.5	34.5	44	39	45	63	66.5	65	113.5	142.5	237.5	370
YRI	TS	A_A	714	429	237	216	141	130	116	95	67	88	66	45	73	39	42	62	54	44	35	51	43	48	35	40	36	39	52	38	35	42	49	58	38	41	47	42	51	80	64	71	74	96	82	153	141	179	282	286	531	923
YRI	TV	A_A	148	74	40	47	20	31	26	13	15	21	7	8	13	12	12	9	7	6	14	4	4	10	7	10	6	5	12	5	5	7	9	15	13	4	11	14	11	10	15	7	17	21	21	24	35	29	70	66	130	220
YRI	neutral	A_C	293.5	176	114.5	80	64.5	53	60.5	34.5	28	30.5	18.5	22.5	27	22	21.5	21.5	15	12.5	15.5	15	17	14	11.5	16	15.5	15.5	16	11.5	14	17	15	15.5	12.5	15	21.5	21.5	22	27	22.5	18.5	30.5	28	34.5	60.5	53	64.5	80	114.5	176	293.5
YRI	TS	A_C	336	197	127	93	61	62	60	42	28	48	37	24	32	29	20	34	20	23	32	24	23	20	23	29	23	28	32	17	32	31	20	35	23	24	37	30	34	45	50	50	64	82	84	117	111	136	199	266	424	706
YRI	TV	A_C	103	64	44	23	16	15	18	10	12	15	9	6	14	12	8	14	8	7	10	7	7	14	7	15	6	13	16	8	15	10	10	15	5	15	10	18	10	23	18	23	30	18	26	47	47	53	83	122	169	323
YRI	neutral	A_G	335	193.5	125.5	120.5	63	66	61	44.5	28	37.5	30	23.5	31	27	22	26	20	9.5	21	17.5	14	20.5	14	15	20	20	15	14	20.5	14	17.5	21	9.5	20	26	22	27	31	23.5	30	37.5	28	44.5	61	66	63	120.5	125.5	193.5	335
YRI	TS	A_G	991	662	408	316	224	184	174	145	119	104	101	92	121	80	87	109	86	79	89	83	69	72	63	75	82	90	83	69	100	82	81	91	85	100	138	125	103	155	138	148	211	202	249	319	343	406	673	767	1320	2182
YRI	TV	A_G	134	68	50	43	30	26	21	18	15	15	11	6	10	8	9	12	5	7	7	5	9	6	5	7	8	13	5	7	6	10	5	8	6	12	3	5	6	6	13	9	11	11	12	16	19	22	40	43	63	107
YRI	neutral	A_T	165.5	92.5	56.5	55	28	30.5	26.5	17.5	13.5	14.5	11	13	10.5	13.5	10	8.5	6.5	8.5	9	13	8	8	7	6.5	9.5	9.5	6.5	7	8	8	13	9	8.5	6.5	8.5	10	13.5	10.5	13	11	14.5	13.5	17.5	26.5	30.5	28	55	56.5	92.5	165.5
YRI	TS	A_T	706	446	290	248	142	137	119	93	67	77	71	59	61	32	43	68	38	45	54	40	45	41	28	25	46	39	35	27	50	32	36	35	30	38	37	35	35	48	53	41	57	59	52	97	120	127	168	236	355	586
YRI	TV	A_T	84	64	37	27	17	16	9	11	10	11	6	11	12	5	11	6	6	8	8	6	3	9	4	2	6	6	8	5	7	4	3	7	6	10	7	5	7	17	8	7	14	19	16	13	21	29	61	48	77	129
YRI	neutral	C_A	177	129	64	67	37.5	34	29	23	21.5	22.5	17.5	13	18	13	12.5	15	12	8	9	13	12	9.5	6	7.5	12.5	12.5	7.5	6	9.5	12	13	9	8	12	15	12.5	13	18	13	17.5	22.5	21.5	23	29	34	37.5	67	64	129	177
YRI	TS	C_A	295	166	89	95	55	61	61	50	36	42	26	23	37	40	20	34	23	23	35	24	15	21	21	32	34	28	23	25	28	31	26	35	34	31	47	45	36	69	48	71	68	73	87	106	116	145	258	278	476	804
YRI	TV	C_A	143	92	60	45	24	33	26	23	16	13	10	10	11	15	8	13	8	8	11	9	2	13	3	7	16	14	10	11	6	9	10	10	10	7	17	20	7	15	11	23	18	18	30	30	29	41	71	63	129	195
YRI	neutral	C_C	322.5	195.5	113.5	102	53	54	46.5	40.5	28	34	33	22.5	29	22	18.5	17.5	21.5	18.5	15.5	11.5	19.5	15.5	17	18	14	14	18	17	15.5	19.5	11.5	15.5	18.5	21.5	17.5	18.5	22	29	22.5	33	34	28	40.5	46.5	54	53	102	113.5	195.5	322.5
YRI	TS	C_C	315	208	135	100	66	67	58	47	42	60	35	49	35	40	22	48	33	30	40	32	30	40	30	38	32	34	33	39	38	43	33	44	33	57	54	51	54	76	70	73	97	89	106	169	162	184	281	339	553	970
YRI	TV	C_C	200	94	40	58	29	35	32	19	18	18	15	12	14	11	10	15	10	10	17	8	9	14	6	10	10	12	14	9	14	13	20	14	13	6	20	16	22	34	12	26	42	24	40	49	39	67	106	87	174	299
YRI	neutral	C_G	158.5	89	47	43.5	28	25	23	21	18	16	12.5	9	10.5	9	10.5	13	8.5	6.5	8.5	6	9.5	6.5	5	10.5	11	11	10.5	5	6.5	9.5	6	8.5	6.5	8.5	13	10.5	9	10.5	9	12.5	16	18	21	23	25	28	43.5	47	89	158.5
YRI	TS	C_G	770	448	303	270	189	160	153	119	92	110	98	90	96	86	61	78	76	74	75	58	68	98	50	87	85	64	74	90	100	69	90	105	91	128	133	122	105	143	140	177	216	199	240	350	325	465	768	853	1434	2493
YRI	TV	C_G	204	130	78	50	37	39	30	22	19	22	15	17	21	14	9	17	14	7	12	10	7	10	14	12	8	6	3	9	8	9	4	14	6	8	9	9	8	15	13	10	14	7	16	23	17	29	23	51	82	120
YRI	neutral	C_T	158.5	89	47	43.5	28	25	23	21	18	16	12.5	9	10.5	9	10.5	13	8.5	6.5	8.5	6	9.5	6.5	5	10.5	11	11	10.5	5	6.5	9.5	6	8.5	6.5	8.5	13	10.5	9	10.5	9	12.5	16	18	21	23	25	28	43.5	47	89	158.5
YRI	TS	C_T	405	230	122	121	87	80	88	63	47	61	49	43	44	38	33	38	40	23	43	33	29	33	30	23	42	38	27	27	57	37	37	44	43	38	45	42	52	75	71	76	98	91	107	151	176	201	308	319	580	947
YRI	TV	C_T	169	101	76	55	27	39	35	26	19	18	17	11	23	12	10	22	12	10	9	6	11	9	5	10	7	11	9	7	18	7	9	9	10	8	13	4	7	10	15	23	18	13	19	26	28	35	53	62	93	158
YRI	neutral	T_A	145	83.5	50	43.5	26	26	23	14.5	15	17.5	15.5	8	14.5	7.5	7.5	12	7	7	8	7.5	5	9	4	9	8	8	9	4	9	5	7.5	8	7	7	12	7.5	7.5	14.5	8	15.5	17.5	15	14.5	23	26	26	43.5	50	83.5	145
YRI	TS	T_A	275	138	117	95	54	54	46	39	24	28	31	27	30	23	17	27	19	23	22	19	24	28	23	13	16	27	16	20	27	21	20	25	23	29	15	30	43	30	37	41	47	48	67	79	103	90	163	185	292	531
YRI	TV	T_A	88	47	29	34	13	13	18	7	10	8	6	3	9	6	9	6	4	6	6	8	4	4	4	5	6	4	4	8	3	3	6	8	5	8	14	8	7	19	8	9	13	19	21	19	24	16	46	59	86	137
YRI	neutral	T_C	145	83.5	50	43.5	26	26	23	14.5	15	17.5	15.5	8	14.5	7.5	7.5	12	7	7	8	7.5	5	9	4	9	8	8	9	4	9	5	7.5	8	7	7	12	7.5	7.5	14.5	8	15.5	17.5	15	14.5	23	26	26	43.5	50	83.5	145
YRI	TS	T_C	233	152	86	84	52	57	57	33	34	39	29	32	40	23	22	28	31	18	20	27	15	20	21	29	33	29	25	31	23	32	29	36	21	34	45	24	42	51	51	49	58	54	74	85	116	139	219	253	450	737
YRI	TV	T_C	55	37	22	26	18	12	13	8	11	12	5	5	4	5	3	7	9	7	3	8	5	6	3	5	2	3	5	9	11	4	11	12	8	5	11	6	12	15	18	7	19	14	23	28	36	38	77	67	115	221
YRI	neutral	T_G	145	83.5	50	43.5	26	26	23	14.5	15	17.5	15.5	8	14.5	7.5	7.5	12	7	7	8	7.5	5	9	4	9	8	8	9	4	9	5	7.5	8	7	7	12	7.5	7.5	14.5	8	15.5	17.5	15	14.5	23	26	26	43.5	50	83.5	145
YRI	TS	T_G	346	184	125	122	77	91	78	67	41	57	31	45	41	27	31	45	29	23	30	39	24	38	38	23	40	36	29	30	63	41	49	57	35	41	65	51	51	78	61	94	119	93	127	175	168	220	374	409	709	1166
YRI	TV	T_G	47	39	22	18	10	11	8	3	2	3	6	5	4	5	4	2	7	10	8	4	7	5	3	3	4	6	2	1	2	3	3	1	2	6	5	4	4	10	4	6	7	6	11	13	16	14	19	21	24	64
YRI	neutral	T_T	145	83.5	50	43.5	26	26	23	14.5	15	17.5	15.5	8	14.5	7.5	7.5	12	7	7	8	7.5	5	9	4	9	8	8	9	4	9	5	7.5	8	7	7	12	7.5	7.5	14.5	8	15.5	17.5	15	14.5	23	26	26	43.5	50	83.5	145
YRI	TS	T_T	312	196	128	119	71	67	62	49	35	46	30	31	36	29	25	34	19	20	26	23	19	23	18	25	24	14	22	27	19	22	18	27	17	28	32	33	40	36	28	40	48	53	50	75	77	113	160	197	310	585
YRI	TV	T_T	67	37	24	24	17	14	12	9	6	9	7	6	10	8	7	5	4	6	11	5	6	7	2	4	9	8	6	5	11	10	9	8	5	4	10	7	11	16	11	14	17	21	20	30	25	47	51	75	105	173
TSI	neutral	A_A	205	96.5	55	54	28	33	28.5	41.5	33	27	32.5	28.5	17.5	15.5	27	21.5	24	23	25.5	22.5	19	30.5	24	16	19	19	16	24	30.5	19	22.5	25.5	23	24	21.5	27	15.5	17.5	28.5	32.5	27	33	41.5	28.5	33	28	54	55	96.5	205
TSI	TS	A_A	369	221	130	128	70	51	68	70	44	56	54	41	36	35	52	35	32	55	53	37	45	43	42	30	54	48	37	31	49	49	46	62	37	44	53	57	47	47	50	71	48	57	75	68	72	103	125	133	229	449
TSI	TV	A_A	57	39	23	28	11	10	12	12	10	9	15	5	6	12	3	10	7	13	7	5	8	14	7	10	3	11	5	9	9	8	5	7	13	8	14	13	10	5	12	24	11	13	16	26	21	11	28	34	59	115
TSI	neutral	A_C	173.5	79	45	44.5	28	28	37	28	25.5	17.5	27	16.5	17.5	14	19	20.5	16.5	21	19.5	17	13	19	12.5	13.5	13.5	13.5	13.5	12.5	19	13	17	19.5	21	16.5	20.5	19	14	17.5	16.5	27	17.5	25.5	28	37	28	28	44.5	45	79	173.5
TSI	TS	A_C	182	108	70	39	35	41	19	35	25	23	36	26	27	27	22	16	24	21	40	32	23	28	25	26	28	26	24	25	22	14	39	33	25	39	32	38	32	33	29	57	52	53	51	59	68	62	116	103	217	441
TSI	TV	A_C	64	25	9	16	17	15	9	16	8	5	4	6	7	13	6	3	2	8	6	7	13	17	13	8	13	12	12	10	9	16	13	9	8	7	18	12	13	19	13	19	16	22	24	20	21	24	42	38	73	174
TSI	neutral	A_G	168	90	50	49	30	33	33.5	39.5	28	23	27.5	16	18.5	29	23	17	17	22	19.5	15	14	23	18.5	20.5	21.5	21.5	20.5	18.5	23	14	15	19.5	22	17	17	23	29	18.5	16	27.5	23	28	39.5	33.5	33	30	49	50	90	168
TSI	TS	A_G	525	268	194	162	130	107	98	124	80	68	117	100	72	79	85	77	82	79	89	98	65	96	78	83	83	84	89	74	112	92	100	79	118	89	83	119	123	117	111	173	113	139	201	163	204	197	314	336	561	1128
TSI	TV	A_G	61	32	19	21	11	14	10	20	5	11	12	9	4	3	9	4	8	7	6	13	5	9	4	5	12	5	7	6	14	12	3	3	12	7	10	3	11	7	6	13	9	9	16	12	10	14	11	19	40	68
TSI	neutral	A_T	83	47.5	18	22.5	15.5	10.5	13.5	10	11	10	15	13.5	12	7	11.5	12.5	6.5	13	6.5	7.5	7	9	10	7.5	8.5	8.5	7.5	10	9	7	7.5	6.5	13	6.5	12.5	11.5	7	12	13.5	15	10	11	10	13.5	10.5	15.5	22.5	18	47.5	83
TSI	TS	A_T	340	191	135	114	72	79	66	63	47	50	69	59	35	40	53	43	34	46	43	34	40	38	33	29	47	51	30	27	37	31	33	45	40	41	30	46	33	32	30	61	41	47	67	53	57	55	87	100	187	309
TSI	TV	A_T	53	35	17	13	8	12	4	12	9	4	13	4	4	8	6	5	5	8	5	8	8	3	6	0	9	6	6	8	5	2	5	10	13	11	9	7	7	7	10	5	7	6	9	5	11	5	20	24	35	79
TSI	neutral	C_A	91.5	47.5	32.5	38	19.5	19	15.5	15	14.5	14	15	12.5	12	16	14	7	10.5	12	10	12.5	8.5	15.5	7.5	11.5	8.5	8.5	11.5	7.5	15.5	8.5	12.5	10	12	10.5	7	14	16	12	12.5	15	14	14.5	15	15.5	19	19.5	38	32.5	47.5	91.5
TSI	TS	C_A	168	92	48	51	36	34	25	30	23	29	30	30	25	21	23	29	34	24	32	26	25	33	22	23	30	27	20	25	40	29	36	31	40	19	44	30	38	35	55	62	47	46	65	54	75	62	121	131	201	418
TSI	TV	C_A	77	46	18	20	13	11	12	21	15	9	15	8	8	8	11	9	9	15	6	9	5	10	16	11	11	9	9	14	16	10	9	11	11	8	13	6	11	8	9	18	13	11	19	18	17	17	23	26	41	113
TSI	neutral	C_C	160.5	91	56	43.5	39.5	31	22.5	30.5	22	19	29	22	13.5	16	15.5	23.5	15	22.5	17.5	16	10	17	16.5	15.5	16	16	15.5	16.5	17	10	16	17.5	22.5	15	23.5	15.5	16	13.5	22	29	19	22	30.5	22.5	31	39.5	43.5	56	91	160.5
TSI	TS	C_C	186	80	58	55	47	39	32	36	33	45	45	30	38	33	30	32	28	41	34	43	33	33	31	39	45	42	42	40	44	34	56	42	53	29	28	65	43	40	48	70	49	56	101	84	67	101	148	146	261	572
TSI	TV	C_C	112	63	32	30	13	21	6	19	17	17	26	17	10	5	16	11	13	13	12	14	11	18	15	12	20	14	13	11	17	19	12	13	13	12	19	15	22	14	17	19	16	15	32	21	22	21	43	35	76	154
TSI	neutral	C_G	66	35.5	21	28	14	15	14	16	8.5	9.5	13.5	11	10.5	5.5	6	4	6.5	10.5	8.5	6.5	6	10	6.5	8.5	12	12	8.5	6.5	10	6	6.5	8.5	10.5	6.5	4	6	5.5	10.5	11	13.5	9.5	8.5	16	14	15	14	28	21	35.5	66
TSI	TS	C_G	432	224	142	137	114	90	89	107	63	86	104	70	64	85	83	54	93	102	74	62	59	88	81	71	79	93	71	83	118	78	99	91	131	95	87	112	113	109	112	148	136	142	233	167	185	219	369	372	577	1197
TSI	TV	C_G	130	54	38	27	23	20	18	30	7	10	18	13	10	11	15	13	8	8	6	6	5	16	7	10	15	15	8	5	10	8	9	11	6	9	9	10	14	9	6	13	13	7	12	8	18	11	26	16	30	48
TSI	neutral	C_T	66	35.5	21	28	14	15	14	16	8.5	9.5	13.5	11	10.5	5.5	6	4	6.5	10.5	8.5	6.5	6	10	6.5	8.5	12	12	8.5	6.5	10	6	6.5	8.5	10.5	6.5	4	6	5.5	10.5	11	13.5	9.5	8.5	16	14	15	14	28	21	35.5	66
TSI	TS	C_T	211	142	78	71	32	36	37	59	22	39	45	43	31	30	36	37	34	44	33	30	31	37	26	37	40	42	25	39	68	39	41	43	63	51	46	61	40	50	53	76	50	70	99	69	75	90	137	156	253	517
TSI	TV	C_T	69	40	36	29	15	15	17	15	12	11	24	9	13	12	10	13	11	18	12	8	13	6	14	6	14	10	6	6	11	7	12	8	9	6	10	11	6	8	10	11	14	14	15	14	14	16	28	27	45	89
TSI	neutral	T_A	69.5	31.5	19.5	19.5	16.5	10.5	9	12	8	7.5	17	7.5	7.5	4	10	8.5	11.5	9	6	7	8.5	12	6.5	5.5	9.5	9.5	5.5	6.5	12	8.5	7	6	9	11.5	8.5	10	4	7.5	7.5	17	7.5	8	12	9	10.5	16.5	19.5	19.5	31.5	69.5
TSI	TS	T_A	155	80	37	52	30	36	19	26	24	25	28	23	21	12	21	18	18	20	28	17	13	28	17	27	23	21	15	31	29	16	17	26	34	31	17	26	28	19	26	44	29	34	41	47	42	57	63	83	128	309
TSI	TV	T_A	44	17	8	11	10	11	8	10	2	2	8	6	3	4	9	6	5	8	5	12	2	3	9	3	8	8	5	6	7	5	3	4	7	2	4	9	11	8	5	8	10	5	20	16	19	9	18	20	41	66
TSI	neutral	T_C	69.5	31.5	19.5	19.5	16.5	10.5	9	12	8	7.5	17	7.5	7.5	4	10	8.5	11.5	9	6	7	8.5	12	6.5	5.5	9.5	9.5	5.5	6.5	12	8.5	7	6	9	11.5	8.5	10	4	7.5	7.5	17	7.5	8	12	9	10.5	16.5	19.5	19.5	31.5	69.5
TSI	TS	T_C	144	83	53	42	35	30	25	25	20	23	26	18	23	20	31	28	23	29	20	23	28	32	22	33	18	26	28	25	39	26	28	25	31	36	19	45	20	27	34	63	45	42	61	55	55	68	85	143	288	515
TSI	TV	T_C	29	27	6	11	7	9	9	11	5	5	9	2	5	4	6	4	5	8	6	3	1	7	6	9	4	7	1	7	9	9	5	7	14	5	3	9	12	14	17	8	15	18	9	15	14	18	27	38	48	100
TSI	neutral	T_G	69.5	31.5	19.5	19.5	16.5	10.5	9	12	8	7.5	17	7.5	7.5	4	10	8.5	11.5	9	6	7	8.5	12	6.5	5.5	9.5	9.5	5.5	6.5	12	8.5	7	6	9	11.5	8.5	10	4	7.5	7.5	17	7.5	8	12	9	10.5	16.5	19.5	19.5	31.5	69.5
TSI	TS	T_G	173	95	58	64	39	39	41	47	29	30	48	20	26	33	28	35	30	37	41	34	30	41	24	35	42	49	47	45	57	39	58	39	59	43	47	61	47	47	63	92	57	58	119	69	81	101	174	165	302	612
TSI	TV	T_G	28	11	8	15	4	3	7	5	3	1	3	5	6	8	7	3	3	3	4	1	5	7	1	0	3	5	5	8	3	5	5	2	5	5	3	5	7	7	6	6	3	2	4	1	7	8	16	5	25	32
TSI	neutral	T_T	69.5	31.5	19.5	19.5	16.5	10.5	9	12	8	7.5	17	7.5	7.5	4	10	8.5	11.5	9	6	7	8.5	12	6.5	5.5	9.5	9.5	5.5	6.5	12	8.5	7	6	9	11.5	8.5	10	4	7.5	7.5	17	7.5	8	12	9	10.5	16.5	19.5	19.5	31.5	69.5
TSI	TS	T_T	169	102	66	55	45	39	35	20	24	14	31	28	26	27	29	15	25	30	36	19	25	26	28	24	25	37	20	18	21	26	22	28	25	25	24	26	33	30	30	42	34	33	44	40	55	44	74	90	164	342
TSI	TV	T_T	38	26	8	11	8	8	6	12	8	3	13	2	4	8	7	3	4	7	6	6	5	4	6	6	10	11	6	6	13	8	5	4	9	13	12	6	8	9	7	18	6	16	26	16	12	13	26	21	57	105
CHB	neutral	A_A	141.5	86.5	53	37	37.5	24.5	33	25	36	13.5	22	21.5	20.5	19	16	19.5	27.5	21.5	28.5	24.5	20	16.5	20.5	22	22	22	22	20.5	16.5	20	24.5	28.5	21.5	27.5	19.5	16	19	20.5	21.5	22	13.5	36	25	33	24.5	37.5	37	53	86.5	141.5
CHB	TS	A_A	270	177	108	86	84	63	67	51	65	38	50	47	49	37	28	33	37	37	40	32	31	37	40	41	61	57	45	40	37	44	53	41	36	59	38	36	42	48	61	48	44	63	73	65	58	71	94	124	185	361
CHB	TV	A_A	65	38	16	16	15	13	14	11	13	7	9	13	8	6	4	10	10	7	7	11	1	7	7	6	11	16	4	5	11	5	10	9	12	12	5	10	10	12	8	13	6	13	12	18	16	16	24	23	60	80
CHB	neutral	A_C	135.5	68	38.5	34.5	34.5	27.5	25.5	27.5	25	18.5	15.5	10	19.5	14	14.5	13	16.5	10	19.5	20	14.5	11.5	12	20.5	21	21	20.5	12	11.5	14.5	20	19.5	10	16.5	13	14.5	14	19.5	10	15.5	18.5	25	27.5	25.5	27.5	34.5	34.5	38.5	68	135.5
CHB	TS	A_C	133	80	40	51	40	33	38	28	30	29	24	24	29	16	19	14	31	23	17	28	24	17	26	19	45	37	22	24	26	22	29	30	27	31	24	17	23	29	35	35	34	54	36	65	52	58	69	73	131	243
CHB	TV	A_C	54	23	14	10	9	9	14	14	12	8	6	10	8	10	7	8	8	8	10	4	8	11	6	13	14	16	2	8	9	9	10	14	10	18	14	9	15	15	11	9	4	23	11	29	24	26	26	35	62	156
CHB	neutral	A_G	133	81	55	33	38.5	25.5	30	25.5	31.5	18	21	22.5	24	19	18	14.5	23.5	16	17.5	20	14	18	13.5	11.5	22	22	11.5	13.5	18	14	20	17.5	16	23.5	14.5	18	19	24	22.5	21	18	31.5	25.5	30	25.5	38.5	33	55	81	133
CHB	TS	A_G	437	246	155	119	127	95	115	88	105	72	81	73	89	64	65	68	92	73	77	108	59	81	82	66	99	90	57	79	73	94	102	105	68	128	74	88	89	106	116	93	93	172	159	159	147	212	246	276	495	917
CHB	TV	A_G	57	32	15	15	8	13	14	14	11	7	8	11	2	8	4	2	12	4	14	9	6	7	5	8	10	13	8	9	4	6	5	6	4	8	8	7	9	3	8	9	5	4	4	11	11	12	11	17	22	60
CHB	neutral	A_T	61	36.5	19.5	18	16.5	10	10.5	12.5	13.5	8	10.5	12	8	7	5	8.5	10.5	8	6	8	5.5	6	8.5	8	9.5	9.5	8	8.5	6	5.5	8	6	8	10.5	8.5	5	7	8	12	10.5	8	13.5	12.5	10.5	10	16.5	18	19.5	36.5	61
CHB	TS	A_T	303	177	87	78	73	64	78	54	59	50	42	45	40	39	30	27	42	32	47	38	30	38	49	33	30	48	41	27	34	33	38	38	29	31	36	17	21	43	30	29	43	54	54	54	58	63	71	69	152	235
CHB	TV	A_T	42	26	10	8	9	9	9	14	9	5	9	5	5	7	3	6	4	2	9	8	6	6	4	9	10	7	5	5	7	0	5	5	7	4	4	3	6	11	10	6	9	8	9	4	9	9	14	14	30	53
CHB	neutral	C_A	79.5	45.5	22.5	19.5	19.5	11	11.5	13.5	14	12.5	10	11.5	10.5	12	9.5	8.5	19	6	19.5	13	8.5	8.5	9.5	7.5	11.5	11.5	7.5	9.5	8.5	8.5	13	19.5	6	19	8.5	9.5	12	10.5	11.5	10	12.5	14	13.5	11.5	11	19.5	19.5	22.5	45.5	79.5
CHB	TS	C_A	130	68	49	39	33	28	30	18	36	35	29	21	26	26	19	26	19	20	31	22	17	19	23	29	39	35	22	26	27	29	27	39	37	49	19	22	32	36	48	26	39	48	59	67	50	80	71	90	158	315
CHB	TV	C_A	60	34	23	16	18	10	15	14	20	3	14	7	10	9	12	13	4	10	17	8	9	8	10	8	6	10	9	5	7	7	9	10	12	10	9	5	14	12	13	10	10	19	14	20	17	17	21	24	38	91
CHB	neutral	C_C	127	67	46.5	31.5	39	36.5	18.5	27.5	30.5	17.5	17	12.5	18.5	14	16	16	21	13	17.5	14.5	14.5	21	17.5	14.5	12.5	12.5	14.5	17.5	21	14.5	14.5	17.5	13	21	16	16	14	18.5	12.5	17	17.5	30.5	27.5	18.5	36.5	39	31.5	46.5	67	127
CHB	TS	C_C	133	97	55	41	47	36	46	34	37	28	22	30	32	25	24	29	34	29	36	30	29	31	26	33	57	55	34	37	30	33	37	62	30	43	34	31	42	52	49	43	46	63	57	63	66	96	102	130	182	376
CHB	TV	C_C	84	41	17	20	24	15	15	18	18	15	11	9	16	13	16	6	17	10	16	8	16	14	9	12	13	18	6	10	11	6	15	10	8	18	13	18	13	19	16	11	15	15	21	27	25	31	34	47	61	116
CHB	neutral	C_G	58	30	21.5	18	11	15.5	10	11.5	13	5.5	5	6.5	8	12	7.5	6.5	8	9	11	7	6	6.5	5	8.5	10	10	8.5	5	6.5	6	7	11	9	8	6.5	7.5	12	8	6.5	5	5.5	13	11.5	10	15.5	11	18	21.5	30	58
CHB	TS	C_G	344	218	108	112	105	97	84	58	104	68	46	62	82	68	45	74	64	55	84	85	66	66	93	65	94	96	83	75	89	73	84	101	72	116	80	75	89	104	111	91	117	154	138	161	180	235	267	301	516	1062
CHB	TV	C_G	102	49	36	21	22	18	23	13	16	6	10	8	13	9	10	10	10	7	6	13	7	4	14	8	6	10	8	10	6	12	8	4	11	5	5	9	10	9	6	11	7	8	11	11	12	15	23	18	40	43
CHB	neutral	C_T	58	30	21.5	18	11	15.5	10	11.5	13	5.5	5	6.5	8	12	7.5	6.5	8	9	11	7	6	6.5	5	8.5	10	10	8.5	5	6.5	6	7	11	9	8	6.5	7.5	12	8	6.5	5	5.5	13	11.5	10	15.5	11	18	21.5	30	58
CHB	TS	C_T	176	103	48	60	50	42	39	44	49	28	27	33	30	33	19	25	44	41	34	39	34	34	25	28	50	42	39	43	40	34	44	49	37	42	32	34	42	55	45	45	58	74	54	76	80	90	112	141	197	371
CHB	TV	C_T	81	42	24	18	15	10	10	13	8	11	9	9	13	8	13	5	16	9	7	13	14	8	11	10	16	11	8	5	9	8	10	16	8	10	6	6	7	9	11	9	7	7	9	13	12	16	24	27	33	68
CHB	neutral	T_A	49.5	30	14	11.5	14	9	14.5	7.5	10.5	9.5	9	5	8.5	7	7.5	5.5	6.5	7	7.5	7	8	7	8.5	8.5	9	9	8.5	8.5	7	8	7	7.5	7	6.5	5.5	7.5	7	8.5	5	9	9.5	10.5	7.5	14.5	9	14	11.5	14	30	49.5
CHB	TS	T_A	128	64	44	29	33	32	23	28	36	17	20	14	23	22	17	20	26	14	12	23	15	13	25	18	32	19	28	24	20	21	25	24	20	29	30	20	17	22	27	20	33	35	33	36	35	52	53	75	114	211
CHB	TV	T_A	44	10	14	10	11	7	6	4	7	4	6	5	3	8	3	6	8	3	10	5	3	2	3	5	6	10	4	3	1	7	4	12	6	5	4	6	2	12	7	8	5	9	18	15	12	14	14	16	33	64
CHB	neutral	T_C	49.5	30	14	11.5	14	9	14.5	7.5	10.5	9.5	9	5	8.5	7	7.5	5.5	6.5	7	7.5	7	8	7	8.5	8.5	9	9	8.5	8.5	7	8	7	7.5	7	6.5	5.5	7.5	7	8.5	5	9	9.5	10.5	7.5	14.5	9	14	11.5	14	30	49.5
CHB	TS	T_C	96	79	31	33	32	27	32	25	27	24	19	22	37	19	17	21	19	20	26	25	25	15	21	23	34	28	23	20	21	26	28	37	27	27	19	38	27	31	34	33	30	53	57	53	48	62	74	93	117	299
CHB	TV	T_C	20	15	9	7	6	8	11	5	6	5	5	6	9	10	3	2	7	3	5	4	2	4	12	3	12	4	7	8	6	4	7	11	8	14	7	3	10	9	12	10	11	10	9	17	12	14	13	18	38	87
CHB	neutral	T_G	49.5	30	14	11.5	14	9	14.5	7.5	10.5	9.5	9	5	8.5	7	7.5	5.5	6.5	7	7.5	7	8	7	8.5	8.5	9	9	8.5	8.5	7	8	7	7.5	7	6.5	5.5	7.5	7	8.5	5	9	9.5	10.5	7.5	14.5	9	14	11.5	14	30	49.5
CHB	TS	T_G	147	90	66	61	34	43	42	32	43	27	34	42	25	35	23	33	30	23	34	38	19	32	30	34	43	46	37	34	30	34	51	47	32	65	42	35	56	72	56	54	51	81	73	90	82	96	138	121	245	471
CHB	TV	T_G	23	9	9	6	8	2	6	2	7	5	2	4	3	3	2	2	8	3	6	5	6	1	4	5	3	8	4	2	3	1	3	7	4	7	2	3	4	0	4	5	3	6	3	4	9	7	3	6	11	22
CHB	neutral	T_T	49.5	30	14	11.5	14	9	14.5	7.5	10.5	9.5	9	5	8.5	7	7.5	5.5	6.5	7	7.5	7	8	7	8.5	8.5	9	9	8.5	8.5	7	8	7	7.5	7	6.5	5.5	7.5	7	8.5	5	9	9.5	10.5	7.5	14.5	9	14	11.5	14	30	49.5
CHB	TS	T_T	135	77	47	47	35	29	30	31	29	21	17	24	23	27	19	17	39	17	33	38	25	14	20	28	27	26	23	18	26	24	26	26	27	21	21	16	18	32	32	24	23	41	37	35	37	54	46	68	124	231
CHB	TV	T_T	24	16	7	12	9	11	8	5	11	6	3	5	7	9	4	11	7	4	8	7	4	7	7	6	10	2	1	4	7	6	9	2	5	11	13	4	11	9	10	10	8	19	15	11	12	13	15	22	27	55
ISL	neutral	A_A	242	98.5	56.5	46	44	31.5	39.5	31	28.5	28	27.5	23.5	20	17	24	25	23	19.5	20	23.5	17	24	16	25.5	25	25	25.5	16	24	17	23.5	20	19.5	23	25	24	17	20	23.5	27.5	28	28.5	31	39.5	31.5	44	46	56.5	98.5	242
ISL	TS	A_A	468	211	130	86	85	79	81	62	51	45	36	37	50	42	43	47	33	36	35	40	31	47	30	42	57	45	48	40	37	38	45	37	49	34	48	41	57	33	62	44	58	46	56	93	86	103	112	148	222	552
ISL	TV	A_A	83	39	24	21	10	15	15	15	5	12	9	7	7	12	10	8	3	11	7	4	9	14	4	10	8	7	9	9	7	11	3	8	11	8	7	6	14	13	10	19	16	13	17	16	16	20	23	35	47	124
ISL	neutral	A_C	192.5	83.5	53.5	38	40	26	26	20.5	20	20.5	19	18	25	15	16	17	13.5	19	15	20	14.5	13.5	14.5	13.5	14	14	13.5	14.5	13.5	14.5	20	15	19	13.5	17	16	15	25	18	19	20.5	20	20.5	26	26	40	38	53.5	83.5	192.5
ISL	TS	A_C	184	102	49	40	41	33	32	30	28	28	24	18	21	26	27	27	19	21	28	30	26	21	16	31	30	24	24	15	22	24	31	25	24	34	32	32	47	34	39	32	36	42	58	62	52	59	95	113	227	567
ISL	TV	A_C	30	22	14	14	5	10	14	15	9	8	4	3	8	11	2	12	6	7	11	13	4	10	8	9	10	12	16	8	15	6	10	4	7	13	6	13	17	14	21	17	13	23	27	21	20	27	38	41	74	224
ISL	neutral	A_G	212.5	90.5	60.5	39.5	37	32	32	26	21.5	22.5	28.5	22	18	26.5	20.5	21.5	19.5	21	17	13	16	18.5	14	20.5	19	19	20.5	14	18.5	16	13	17	21	19.5	21.5	20.5	26.5	18	22	28.5	22.5	21.5	26	32	32	37	39.5	60.5	90.5	212.5
ISL	TS	A_G	601	270	157	149	133	106	123	103	74	74	87	74	65	83	82	84	76	80	55	83	70	93	64	91	70	91	82	77	87	85	83	69	81	93	103	98	125	116	117	111	119	119	144	168	182	230	248	315	574	1334
ISL	TV	A_G	79	25	17	20	13	15	13	10	12	10	7	6	6	10	5	7	8	7	4	10	4	5	4	6	12	12	4	3	12	3	8	4	10	11	7	5	7	7	8	15	6	5	10	13	9	16	14	14	41	78
ISL	neutral	A_T	104.5	47.5	25.5	15.5	19	11.5	11.5	12.5	6.5	17.5	9.5	6.5	11	9	14	10.5	8.5	9.5	9	6.5	7.5	7.5	9.5	6.5	9	9	6.5	9.5	7.5	7.5	6.5	9	9.5	8.5	10.5	14	9	11	6.5	9.5	17.5	6.5	12.5	11.5	11.5	19	15.5	25.5	47.5	104.5
ISL	TS	A_T	442	205	127	106	109	65	62	64	57	54	47	55	40	51	41	44	31	31	48	44	25	39	30	38	44	39	33	37	35	32	33	26	35	29	41	38	37	34	45	41	35	40	56	68	62	75	85	87	178	404
ISL	TV	A_T	60	33	16	14	9	10	5	7	6	9	6	6	6	4	5	7	7	5	6	6	5	4	9	4	6	7	7	7	5	3	9	13	8	4	8	8	6	9	7	5	8	7	5	13	6	15	13	22	37	75
ISL	neutral	C_A	132	56.5	32	25	19.5	22	19	16.5	10.5	14	11.5	14	11.5	12	10.5	12.5	12	9.5	10	8.5	6	9	7	12	10	10	12	7	9	6	8.5	10	9.5	12	12.5	10.5	12	11.5	14	11.5	14	10.5	16.5	19	22	19.5	25	32	56.5	132
ISL	TS	C_A	169	86	58	36	41	31	40	27	28	35	21	22	32	19	23	32	17	28	21	27	22	23	18	33	26	30	22	24	25	26	31	29	35	43	29	45	33	34	46	35	49	42	76	65	61	94	94	131	218	505
ISL	TV	C_A	86	36	35	18	5	19	16	8	18	14	13	12	8	6	12	13	4	12	7	11	5	8	10	8	16	12	7	7	13	10	7	9	10	7	16	7	12	11	12	12	16	9	17	18	16	19	16	27	53	133
ISL	neutral	C_C	206	100.5	53.5	39	34	35.5	24.5	27	21	19	20	24.5	15.5	15	19	17.5	15.5	14	10.5	16.5	16.5	16.5	12	18	13.5	13.5	18	12	16.5	16.5	16.5	10.5	14	15.5	17.5	19	15	15.5	24.5	20	19	21	27	24.5	35.5	34	39	53.5	100.5	206
ISL	TS	C_C	118	75	52	43	51	42	48	32	24	32	28	20	26	36	39	35	30	31	26	40	41	33	35	52	28	44	36	26	46	34	37	52	36	38	40	47	43	39	53	51	51	52	64	96	81	88	124	162	289	697
ISL	TV	C_C	64	38	30	31	19	21	16	15	13	15	16	19	8	14	13	12	10	14	6	15	14	13	8	14	20	9	9	16	15	14	13	22	14	12	18	11	19	16	17	15	24	20	20	17	20	44	26	44	67	221
ISL	neutral	C_G	85.5	40.5	22.5	17.5	18	10	12.5	10.5	8	11.5	10.5	6.5	8.5	6.5	8.5	9.5	7	6	4	7.5	9.5	7.5	9	9.5	8	8	9.5	9	7.5	9.5	7.5	4	6	7	9.5	8.5	6.5	8.5	6.5	10.5	11.5	8	10.5	12.5	10	18	17.5	22.5	40.5	85.5
ISL	TS	C_G	350	212	144	114	111	97	102	79	65	73	96	73	59	63	71	67	52	69	63	84	75	65	66	75	84	70	75	76	90	81	82	82	74	79	109	115	126	110	106	101	103	119	155	182	185	234	257	353	608	1440
ISL	TV	C_G	92	57	37	22	22	18	28	20	14	14	16	13	10	10	6	11	10	7	9	1	8	10	7	17	9	13	4	7	8	9	10	3	10	9	6	12	12	15	5	6	12	13	7	8	16	18	17	19	22	89
ISL	neutral	C_T	85.5	40.5	22.5	17.5	18	10	12.5	10.5	8	11.5	10.5	6.5	8.5	6.5	8.5	9.5	7	6	4	7.5	9.5	7.5	9	9.5	8	8	9.5	9	7.5	9.5	7.5	4	6	7	9.5	8.5	6.5	8.5	6.5	10.5	11.5	8	10.5	12.5	10	18	17.5	22.5	40.5	85.5
ISL	TS	C_T	247	113	70	53	50	44	62	36	22	32	37	29	31	45	28	29	38	39	34	37	36	36	31	39	26	46	35	31	41	30	53	37	34	46	57	54	67	47	50	58	72	52	76	88	81	105	122	151	268	575
ISL	TV	C_T	94	35	23	31	23	13	22	9	8	11	15	13	13	18	14	9	15	10	12	5	8	10	8	16	10	7	8	6	9	8	12	6	6	10	14	7	10	7	11	6	20	9	17	17	20	21	20	25	60	104
ISL	neutral	T_A	94.5	31	20.5	14.5	16.5	15	14	13.5	6.5	9	6	4.5	10	7	10	10.5	8	11	5	7	8	7	4.5	7.5	8.5	8.5	7.5	4.5	7	8	7	5	11	8	10.5	10	7	10	4.5	6	9	6.5	13.5	14	15	16.5	14.5	20.5	31	94.5
ISL	TS	T_A	177	74	50	35	33	30	21	30	27	17	23	19	21	16	12	16	17	20	17	23	24	19	17	20	29	24	18	13	24	22	28	17	23	21	23	34	26	23	27	27	38	32	42	40	48	52	57	80	143	367
ISL	TV	T_A	45	17	11	9	11	10	7	3	5	5	2	3	2	9	8	3	5	6	6	8	5	10	6	3	9	3	7	6	3	4	3	3	8	10	7	6	7	3	5	5	13	11	12	11	8	19	20	25	28	72
ISL	neutral	T_C	94.5	31	20.5	14.5	16.5	15	14	13.5	6.5	9	6	4.5	10	7	10	10.5	8	11	5	7	8	7	4.5	7.5	8.5	8.5	7.5	4.5	7	8	7	5	11	8	10.5	10	7	10	4.5	6	9	6.5	13.5	14	15	16.5	14.5	20.5	31	94.5
ISL	TS	T_C	141	77	63	34	44	36	25	20	16	20	20	19	19	22	34	19	25	13	22	31	36	28	30	22	26	31	24	19	25	23	30	20	21	24	27	29	37	38	46	28	37	46	38	60	59	74	97	144	291	640
ISL	TV	T_C	27	18	11	8	5	12	6	8	5	7	6	6	8	5	5	3	10	3	2	7	7	5	3	6	8	4	4	4	7	7	7	8	9	8	17	6	11	9	10	10	13	10	13	22	16	18	31	28	66	122
ISL	neutral	T_G	94.5	31	20.5	14.5	16.5	15	14	13.5	6.5	9	6	4.5	10	7	10	10.5	8	11	5	7	8	7	4.5	7.5	8.5	8.5	7.5	4.5	7	8	7	5	11	8	10.5	10	7	10	4.5	6	9	6.5	13.5	14	15	16.5	14.5	20.5	31	94.5
ISL	TS	T_G	229	93	57	56	39	42	47	44	26	38	27	36	28	26	34	27	21	38	23	30	39	32	28	35	47	39	32	28	40	46	56	35	51	48	47	31	51	52	52	42	56	62	85	98	87	122	124	152	295	737
ISL	TV	T_G	33	16	13	4	9	7	5	5	3	3	8	5	4	5	2	6	4	2	1	4	1	2	3	5	2	3	4	2	3	7	3	8	3	6	5	6	3	1	10	3	7	3	4	3	6	8	9	10	27	44
ISL	neutral	T_T	94.5	31	20.5	14.5	16.5	15	14	13.5	6.5	9	6	4.5	10	7	10	10.5	8	11	5	7	8	7	4.5	7.5	8.5	8.5	7.5	4.5	7	8	7	5	11	8	10.5	10	7	10	4.5	6	9	6.5	13.5	14	15	16.5	14.5	20.5	31	94.5
ISL	TS	T_T	198	104	65	62	53	33	22	29	30	23	22	20	24	19	26	27	26	27	23	34	28	26	21	22	21	16	21	17	25	22	27	24	20	33	27	23	28	27	26	42	32	36	39	41	39	64	60	103	149	369
ISL	TV	T_T	32	21	10	12	2	14	9	11	6	3	7	7	5	3	3	6	4	4	7	4	7	3	6	6	13	5	11	7	6	3	4	8	11	6	9	7	14	12	11	7	4	14	13	32	14	16	20	29	53	120
