pop	mType	5p_3p	AFS
PPA	neutral	A_A	274.5	148	88.5	60.5	42	37	26.5	18	19	13.5	13.5	18	7	18	13.5	13.5	19	18	26.5	37	42	60.5	88.5	148	274.5
PPA	TS	A_A	395	207	122	90	87	59	45	29	20	32	26	32	29	24	29	25	31	40	46	45	82	119	208	338	622
PPA	TV	A_A	101	76	35	42	20	21	9	11	9	8	6	11	5	3	4	7	10	5	11	9	13	22	40	77	247

PPA	TS	A_C	172	91	53	46	33	27	31	21	18	15	16	14	11	17	14	23	22	25	28	38	50	73	119	196	357
PPA	TV	A_C	99	36	22	14	14	8	5	9	8	3	4	3	5	4	4	8	8	13	6	19	20	26	59	68	182

PPA	TS	A_G	535	298	186	123	103	73	46	59	48	56	45	44	50	39	36	59	63	87	84	125	179	247	414	649	1155
PPA	TV	A_G	79	49	34	17	12	17	7	8	6	3	7	2	4	3	6	2	2	2	5	6	4	9	13	31	74
PPA	neutral	A_T	98	52	25.5	24.5	19	9.5	8	8	8	5	4	4.5	3	4.5	4	5	8	8	8	9.5	19	24.5	25.5	52	98
PPA	TS	A_T	389	246	137	109	54	44	51	25	28	22	21	33	26	25	13	17	22	17	32	35	48	76	107	184	324
PPA	TV	A_T	61	32	21	14	5	10	3	8	5	6	8	1	2	2	4	5	4	3	3	9	19	13	22	49	159
PPA	neutral	C_A	103	57.5	35	20	16	19	7.5	7	7.5	4.5	6	4	5	4	6	4.5	7.5	7	7.5	19	16	20	35	57.5	103
PPA	TS	C_A	144	68	51	39	28	26	18	17	14	24	10	16	14	17	17	31	16	22	32	35	60	65	151	266	449
PPA	TV	C_A	83	56	22	17	7	5	10	9	8	12	6	7	4	5	8	13	7	7	6	9	19	26	40	57	300
PPA	neutral	C_C	174	79.5	44	27.5	22	22	15	13	9.5	6.5	5	6	6	6	5	6.5	9.5	13	15	22	22	27.5	44	79.5	174
PPA	TS	C_C	209	126	62	48	47	32	17	19	27	24	14	18	21	22	27	27	35	29	32	41	50	112	165	240	472
PPA	TV	C_C	198	86	40	20	15	8	7	9	6	8	5	10	8	4	8	3	9	10	12	11	19	36	44	79	357
PPA	neutral	C_G	74	41.5	22.5	17.5	9.5	10	8.5	4.5	4.5	4	3	1.5	3	1.5	3	4	4.5	4.5	8.5	10	9.5	17.5	22.5	41.5	74
PPA	TS	C_G	431	239	157	120	76	65	51	46	42	49	37	34	31	53	46	50	65	65	75	121	165	238	362	676	1187
PPA	TV	C_G	121	59	52	34	20	6	7	5	2	6	4	2	5	4	4	5	4	6	7	8	9	12	15	23	78
PPA	neutral	C_T	74	41.5	22.5	17.5	9.5	10	8.5	4.5	4.5	4	3	1.5	3	1.5	3	4	4.5	4.5	8.5	10	9.5	17.5	22.5	41.5	74
PPA	TS	C_T	203	125	70	49	40	32	26	18	21	18	13	18	12	23	30	25	29	44	35	60	63	94	137	227	453
PPA	TV	C_T	75	50	20	24	17	10	3	4	8	3	4	1	4	6	3	1	8	7	8	11	19	20	33	55	261
PPA	neutral	T_A	124.5	78.5	43	29	19.5	13.5	11.5	10.5	13.5	5	8	11.5	11	11.5	8	5	13.5	10.5	11.5	13.5	19.5	29	43	78.5	124.5
PPA	TS	T_A	187	111	69	47	36	20	20	8	19	5	12	15	14	9	23	9	7	16	21	31	45	65	119	182	342
PPA	TV	T_A	71	29	25	13	14	11	6	3	6	6	6	3	3	1	11	4	6	4	8	12	16	26	31	61	214
PPA	neutral	T_C	124.5	78.5	43	29	19.5	13.5	11.5	10.5	13.5	5	8	11.5	11	11.5	8	5	13.5	10.5	11.5	13.5	19.5	29	43	78.5	124.5
PPA	TS	T_C	226	116	64	61	32	20	22	23	16	19	11	17	12	13	14	18	25	40	24	31	59	74	109	221	409
PPA	TV	T_C	41	24	11	10	5	2	5	2	3	0	1	3	2	6	5	5	7	6	14	13	17	25	28	55	229
PPA	neutral	T_G	124.5	78.5	43	29	19.5	13.5	11.5	10.5	13.5	5	8	11.5	11	11.5	8	5	13.5	10.5	11.5	13.5	19.5	29	43	78.5	124.5
PPA	TS	T_G	208	126	76	59	27	31	31	25	22	21	19	10	29	24	29	27	35	46	41	64	76	118	177	308	613
PPA	TV	T_G	37	26	8	5	6	5	5	2	3	0	3	2	0	4	0	4	5	1	4	2	3	11	6	16	49
PPA	neutral	T_T	124.5	78.5	43	29	19.5	13.5	11.5	10.5	13.5	5	8	11.5	11	11.5	8	5	13.5	10.5	11.5	13.5	19.5	29	43	78.5	124.5
PPA	TS	T_T	224	123	83	65	32	36	24	22	15	24	7	17	8	13	13	24	18	16	22	33	42	68	123	169	340
PPA	TV	T_T	49	30	16	11	12	12	5	4	4	3	1	5	2	3	8	5	7	5	12	16	19	28	47	86	202
GGG	neutral	A_A	182.5	125	99.5	74.5	48	53	43	37.5	34.5	28	28.5	24	23.5	22.5	20.5	20	15	14.5	19	15	19.5	20.5	17	20.5	19.5	15	19	14.5	15	20	20.5	22.5	23.5	24	28.5	28	34.5	37.5	43	53	48	74.5	99.5	125	182.5
GGG	TS	A_A	355	248	151	120	111	106	77	80	68	51	56	58	47	43	60	51	50	46	36	45	36	56	34	48	27	28	34	25	43	44	44	56	62	59	69	75	77	108	108	107	101	140	176	259	459
GGG	TV	A_A	104	58	39	27	26	33	21	25	17	16	18	13	10	9	8	12	12	11	13	13	9	13	5	5	7	7	4	14	13	14	8	7	9	14	14	10	17	20	18	24	34	30	46	71	214

GGG	TS	A_C	168	117	87	49	46	46	38	30	31	27	24	27	21	28	31	18	24	24	23	16	22	28	29	34	21	30	21	20	24	42	35	37	35	32	42	29	52	59	76	67	95	106	155	202	322
GGG	TV	A_C	98	30	19	16	11	16	10	8	11	13	10	7	11	4	2	5	9	8	7	8	6	8	2	9	12	3	5	7	6	12	5	7	11	11	11	10	17	16	26	22	28	28	41	67	204

GGG	TS	A_G	525	369	260	201	145	146	116	136	106	91	94	70	83	89	86	77	66	71	79	61	67	78	83	95	63	91	81	67	85	102	96	112	112	127	152	134	186	210	235	260	288	417	458	631	1012
GGG	TV	A_G	59	38	28	27	17	25	19	17	10	8	4	7	7	4	8	8	4	7	3	4	2	8	5	8	2	5	3	5	3	7	4	7	5	6	1	3	8	7	10	7	14	15	15	22	60
GGG	neutral	A_T	80.5	44.5	32	25	24	23	18	16.5	12.5	9.5	14	11.5	10	6.5	6.5	6.5	7.5	6.5	10	3.5	3.5	9	3	9	3.5	3.5	10	6.5	7.5	6.5	6.5	6.5	10	11.5	14	9.5	12.5	16.5	18	23	24	25	32	44.5	80.5
GGG	TS	A_T	396	264	198	138	107	86	91	98	76	56	58	51	49	37	57	56	35	42	33	31	36	44	32	49	44	37	22	29	37	20	39	47	38	48	49	46	51	77	67	75	79	108	134	197	272
GGG	TV	A_T	60	26	17	27	12	17	14	7	13	10	5	6	4	7	10	9	4	4	6	7	6	2	4	4	7	6	3	3	7	7	7	11	1	5	10	6	15	18	21	12	9	23	32	40	115
GGG	neutral	C_A	92.5	55.5	38.5	25	24	23.5	19.5	18.5	17.5	12	13	11.5	12	10	14.5	11.5	10.5	7	5	10	9.5	6	4	6	9.5	10	5	7	10.5	11.5	14.5	10	12	11.5	13	12	17.5	18.5	19.5	23.5	24	25	38.5	55.5	92.5
GGG	TS	C_A	128	98	65	65	38	42	34	40	27	45	32	30	13	23	24	21	25	25	22	22	31	24	13	24	20	28	16	16	30	44	42	43	45	48	48	41	69	70	60	74	94	131	165	220	429
GGG	TV	C_A	62	41	30	19	11	11	14	12	17	9	7	7	11	9	1	9	9	12	6	2	4	13	9	7	10	5	8	6	8	8	8	5	7	14	11	16	9	17	20	25	26	29	46	70	338
GGG	neutral	C_C	134	68.5	61.5	36.5	30	26.5	23.5	27	22.5	17	16	15	15.5	15.5	9.5	13	11.5	12	11.5	11	11	10.5	8	10.5	11	11	11.5	12	11.5	13	9.5	15.5	15.5	15	16	17	22.5	27	23.5	26.5	30	36.5	61.5	68.5	134
GGG	TS	C_C	189	123	81	59	43	46	28	37	34	35	46	30	31	21	24	38	22	23	24	23	21	23	21	30	25	27	21	37	39	36	39	37	48	40	57	66	87	78	108	92	132	165	186	272	456
GGG	TV	C_C	150	71	22	18	17	9	15	7	9	4	12	10	6	4	10	3	10	6	8	5	4	4	7	8	10	4	5	10	7	7	14	24	7	8	12	21	17	19	24	34	33	41	54	65	387
GGG	neutral	C_G	60.5	39	17	22	14.5	17	13.5	10	15	9.5	7	9	6	6.5	3	10	5	2.5	7	3.5	4	6.5	5	6.5	4	3.5	7	2.5	5	10	3	6.5	6	9	7	9.5	15	10	13.5	17	14.5	22	17	39	60.5
GGG	TS	C_G	388	233	190	140	115	90	91	85	67	84	80	57	52	60	61	55	54	56	40	47	56	68	49	45	61	44	66	53	67	73	88	85	88	109	103	133	134	165	199	236	245	344	426	581	961
GGG	TV	C_G	97	47	32	26	16	17	8	17	6	7	10	11	7	13	8	8	9	3	5	6	3	9	1	6	6	8	5	5	6	5	9	3	4	3	4	4	14	9	7	6	12	20	20	30	67
GGG	neutral	C_T	60.5	39	17	22	14.5	17	13.5	10	15	9.5	7	9	6	6.5	3	10	5	2.5	7	3.5	4	6.5	5	6.5	4	3.5	7	2.5	5	10	3	6.5	6	9	7	9.5	15	10	13.5	17	14.5	22	17	39	60.5
GGG	TS	C_T	193	125	78	68	73	42	57	40	34	28	34	29	33	27	33	25	25	22	22	25	23	21	22	16	39	33	30	37	30	43	36	38	39	45	49	43	72	70	86	98	121	147	213	311	487
GGG	TV	C_T	67	44	14	22	18	11	11	7	12	10	15	7	6	4	6	14	4	4	6	3	8	4	7	9	8	13	7	10	8	6	8	8	6	9	11	25	15	20	21	28	26	20	37	56	283
GGG	neutral	T_A	95.5	54.5	39	32	29.5	20.5	21.5	18.5	18	18	13	11	11.5	10.5	9	13	14	7	12.5	6.5	7	6.5	7	6.5	7	6.5	12.5	7	14	13	9	10.5	11.5	11	13	18	18	18.5	21.5	20.5	29.5	32	39	54.5	95.5
GGG	TS	T_A	163	109	78	59	60	29	39	33	31	25	32	21	21	22	17	30	24	12	16	22	15	21	19	26	14	20	18	24	28	25	31	26	21	33	47	46	42	63	69	68	61	106	125	176	247
GGG	TV	T_A	44	32	13	16	14	10	11	9	13	10	4	6	4	8	8	9	5	4	8	4	6	6	5	7	6	4	8	5	7	7	7	6	7	10	8	8	13	21	12	14	22	28	36	54	223
GGG	neutral	T_C	95.5	54.5	39	32	29.5	20.5	21.5	18.5	18	18	13	11	11.5	10.5	9	13	14	7	12.5	6.5	7	6.5	7	6.5	7	6.5	12.5	7	14	13	9	10.5	11.5	11	13	18	18	18.5	21.5	20.5	29.5	32	39	54.5	95.5
GGG	TS	T_C	166	98	71	63	33	45	38	34	28	36	24	25	29	18	26	33	22	25	19	21	18	20	26	26	23	27	24	23	38	36	37	30	20	36	45	44	44	71	78	93	90	120	137	231	380
GGG	TV	T_C	47	22	14	10	8	9	8	4	3	11	7	9	2	1	5	7	3	3	9	5	5	5	3	3	5	5	3	7	6	5	8	9	3	15	4	5	16	20	19	25	20	25	41	41	233
GGG	neutral	T_G	95.5	54.5	39	32	29.5	20.5	21.5	18.5	18	18	13	11	11.5	10.5	9	13	14	7	12.5	6.5	7	6.5	7	6.5	7	6.5	12.5	7	14	13	9	10.5	11.5	11	13	18	18	18.5	21.5	20.5	29.5	32	39	54.5	95.5
GGG	TS	T_G	181	133	88	79	59	60	54	43	43	42	40	39	28	27	23	34	24	30	38	27	30	29	28	33	22	36	41	36	48	46	43	47	64	68	74	71	74	116	115	126	154	198	244	331	550
GGG	TV	T_G	22	18	10	10	7	8	4	2	2	5	6	3	5	4	3	3	0	0	2	4	1	3	3	3	1	3	2	2	6	6	5	2	4	6	2	4	4	6	6	6	6	10	20	17	41
GGG	neutral	T_T	95.5	54.5	39	32	29.5	20.5	21.5	18.5	18	18	13	11	11.5	10.5	9	13	14	7	12.5	6.5	7	6.5	7	6.5	7	6.5	12.5	7	14	13	9	10.5	11.5	11	13	18	18	18.5	21.5	20.5	29.5	32	39	54.5	95.5
GGG	TS	T_T	231	132	95	88	70	58	62	46	53	45	29	31	33	28	34	28	25	26	18	21	25	23	29	22	25	15	22	29	30	30	24	32	30	26	30	35	50	64	73	70	75	95	134	197	308
GGG	TV	T_T	33	19	27	19	8	8	7	8	9	7	7	7	7	6	11	8	6	9	6	2	12	10	1	8	4	6	3	10	9	9	4	14	8	12	23	17	30	16	19	33	29	51	43	64	242
PAB	neutral	A_A	414.5	245	183.5	134.5	112	98	81.5	88.5	76	71	113	71	76	88.5	81.5	98	112	134.5	183.5	245	414.5
PAB	TS	A_A	692	420	362	295	259	225	175	171	175	149	213	152	141	176	189	224	264	309	408	594	987
PAB	TV	A_A	170	115	95	69	63	53	46	32	47	41	53	43	38	45	32	46	59	72	91	103	540

PAB	TS	A_C	291	194	155	118	116	99	88	75	95	80	127	105	124	103	118	161	191	252	324	405	629
PAB	TV	A_C	116	64	48	41	21	22	32	23	21	21	26	33	22	37	26	42	60	69	90	111	321

PAB	TS	A_G	987	670	555	422	383	310	318	267	264	241	318	308	305	315	332	400	515	602	860	1072	1682
PAB	TV	A_G	109	57	55	39	28	35	26	27	27	10	28	12	16	14	16	19	29	33	44	37	104
PAB	neutral	A_T	117.5	80.5	67	44.5	41.5	32	31	19	28	36	32	36	28	19	31	32	41.5	44.5	67	80.5	117.5
PAB	TS	A_T	628	367	306	247	195	170	162	144	133	109	145	123	125	125	140	153	179	225	257	377	578
PAB	TV	A_T	101	54	45	54	22	34	33	18	23	16	30	18	15	23	27	29	34	45	49	57	270
PAB	neutral	C_A	169	92.5	72	44.5	42	30.5	33	23	29	28.5	34	28.5	29	23	33	30.5	42	44.5	72	92.5	169
PAB	TS	C_A	336	202	166	127	111	116	80	89	113	114	116	109	128	132	144	152	239	284	421	527	922
PAB	TV	C_A	110	86	71	60	45	36	42	34	39	37	32	24	36	29	44	34	52	63	91	116	593
PAB	neutral	C_C	249	152.5	110	68	73.5	53.5	42.5	48	40	47.5	42	47.5	40	48	42.5	53.5	73.5	68	110	152.5	249
PAB	TS	C_C	388	237	202	153	127	132	114	113	98	110	153	145	160	201	203	234	334	390	547	689	1115
PAB	TV	C_C	282	104	83	46	31	34	26	28	37	27	35	29	39	42	44	46	56	66	104	151	584
PAB	neutral	C_G	112.5	62.5	55.5	34	30.5	24	22	19	17.5	19.5	23	19.5	17.5	19	22	24	30.5	34	55.5	62.5	112.5
PAB	TS	C_G	768	577	446	343	318	228	219	248	241	224	235	220	271	314	362	408	465	597	838	1087	1640
PAB	TV	C_G	156	129	76	68	48	27	30	27	24	15	35	18	26	22	20	18	24	28	32	55	144
PAB	neutral	C_T	112.5	62.5	55.5	34	30.5	24	22	19	17.5	19.5	23	19.5	17.5	19	22	24	30.5	34	55.5	62.5	112.5
PAB	TS	C_T	329	246	198	148	141	149	109	116	110	112	167	124	137	189	183	218	274	366	452	635	1018
PAB	TV	C_T	139	75	65	54	25	28	28	33	31	37	33	34	28	33	29	30	47	54	65	122	490
PAB	neutral	T_A	180.5	106.5	82	56	49	48.5	36.5	31.5	30	37	42	37	30	31.5	36.5	48.5	49	56	82	106.5	180.5
PAB	TS	T_A	297	205	165	115	91	76	91	93	78	67	99	83	107	117	116	126	149	194	263	302	585
PAB	TV	T_A	119	67	51	49	28	33	27	26	25	29	34	17	24	28	27	34	51	50	67	101	549
PAB	neutral	T_C	180.5	106.5	82	56	49	48.5	36.5	31.5	30	37	42	37	30	31.5	36.5	48.5	49	56	82	106.5	180.5
PAB	TS	T_C	296	193	147	123	97	101	81	86	79	88	108	86	104	125	142	148	161	253	348	414	769
PAB	TV	T_C	59	43	23	16	14	12	20	15	14	19	20	20	27	24	29	34	30	52	58	90	417
PAB	neutral	T_G	180.5	106.5	82	56	49	48.5	36.5	31.5	30	37	42	37	30	31.5	36.5	48.5	49	56	82	106.5	180.5
PAB	TS	T_G	365	230	203	166	143	144	127	121	121	130	124	115	146	125	170	204	267	291	386	525	865
PAB	TV	T_G	51	33	28	19	21	12	13	9	10	6	12	6	7	8	12	14	5	20	29	32	86
PAB	neutral	T_T	180.5	106.5	82	56	49	48.5	36.5	31.5	30	37	42	37	30	31.5	36.5	48.5	49	56	82	106.5	180.5
PAB	TS	T_T	388	251	194	140	151	124	89	103	92	80	98	98	109	111	129	150	156	186	285	358	631
PAB	TV	T_T	80	58	42	32	31	21	22	18	17	26	30	29	32	32	26	33	45	53	79	105	499
